⁶ '³ Liber lobi( :7⁵7

1 7
333 7777 7777 ‚7777 7777 :1777 777· 7777 777 3333 ³
277277777777777 7777 777. 77770777777 777777577
,3335333 7777 33333333 7777· 7777 333333, 77777 7777· ’33·33
,333 33333 7777 33333 33333 ’333- 333 333333 33333
,3333 77777' ·333·3 777 -3333 7777 7777 7777 7777 3333
77777 77777 333333 33333 7777 3333 ,33333 33333
,33333 33333 33 7777 33333 33333333 77777 7777777
77777 3333 33333333 7777777 7777 7777777 ,3333333
33333 333 7777 7777 :7577 777 33 ’333 33333 33333,
33333 3 :777-77· ’33 7777 ,33333 ,333 33333 7777
-333 77777 ‚7777 77 777777 777777 77A 333333 7¹77
33333 777 3333 777-77 ‚7777 77777 ,333 777· 33333
877777.. 7777. 777777777777777777727777777 7777'77
ι 33333 777 33 3333 *777-77> 777 3333333 ,333333- -77 7777
333333 3333 ,3333 777 7777 777 7777 33 3333 7777
3333 ⁰377 3333 7777 :777 777 3333 77777 ‚7777- 777
3333 ,33333 333333 77777 33333 777-7777 3333
11 777 333, ’3333 33·, 7777 333 777. 3333 333, 3333333 3333
12 3333333· 77 ‚7777 3333333 33333, 3333- 333 77· 77 7¹7· 333333Ι
7777 777 7777· 77 7777 77 7777 77· 7777 77 ,333
13333333333333333 3333333 3 3333333333333
14:777· 77 77 77777. 77'777 777-‚77 33333 7²7 333333

„jss--J-l

’3 ‚777 710
Liber Iobz'. · 1

 

