1333 ιιιιιιιι3ιιῑιῑιιιιιιιιι. 3333 xxxma-xm 3⁰.

-333-33 33333333 33 -333 333· ,333 3333 333 333'3. 33333 3333ss
333333 333333 333'33333‘ 333 3333 3333 33 3333 3¹33 33
3 3 3333333333 33333 33333 5333333333

40 D ⁴ ’

3333333 3333 3333·- 33 333 3333333 3333- 333 ‚3333 3333}v

33333 333 ,333333 33'3'333 333- 3333 3333 3 33333333333
,33333 333 33333 3333 33· 3'3'3 333333 333‘ 333333 333 3
‚3'333‘333 3333- 333 3 33 3333 3 ,33333 3333 333'3333‘3

3333 3333· 33333333 333333 3333333 3333 33· 3333 3333337

733333 333 3333 33 33· 333, 33333 33333 33333333 3333333 3
,333333 3333 33'333 ,3333 33333 33- ,333 ,33333 3333333

⁸3? ‚3333 33333333 333· ’33 ,3333 3333333·'3·333v 333312
3333 3333 33333 3333333 3333333, 3333 3333333 333 13
3333333 33, 3333'33· 33 3333 3333· 333. 33333 3333 3333313
33333 3333 33333 3333 3333333- 3333 3333333 33· ,33333
3333 33'3333 33'3333 3333333 3'33 33 33333333 3333 33- ,33333
333333 33333 333333¹ 3333333 333333 33333 3333 333· 333333
33'3333 [3333 33333 ‘33- 3333 33333333 33 ,3333 3333313
3333· 3333333 ,33333‘ 33333333 333 33333, 3333 5333333
333333 33333, 313333. ‚333 33333 33333, 33333 33333333

ι 33333 333333 333 333 3333 33. 3333· 3333 3333‘333 333333
. ,333- 3333 3333333333- 33333 333333. 333 3 33333, ’33333- 33 24
33333 3333333, 333333 3333333 333333 ,33333 33333 3333333333

, 3333· 33 33333333 3333 33333 ,3333 3333 3333333 333333
¹ 33333 33333 333'3333‘· 3333 33333 333333 :333'33 333333
,3333 3333 33333333 33333333 33333 33· 333333333239
3333 3333333 3333333 ,333333 333 3333 '333‘ 33333333
3333· 3333333333333333333333 3333333333333 32

41 &D '
33 3333- 33 33333 333333· 33 333 ,33333 33333333· 332 ²³

333333 333333 33333333 333 ,3333333 333333 3 3333 3333333

——--—-——

3”ῦ313333,33 ’3333333333 3333333333 ’,3333333333

 

