Iobus vitae suae dat rationem 23³& XXX, 16-XXXI, 22 22

77777 777777 777 77777 7777777 3333 7777 3333313
-0 7777777 33 333'33 3333 333 3333 77777 0333· 7777 333 777·· 77
77777 777·.-77 777777 777777 777 777777 7777777 1:1'333319
33333 77777 333 77777 7777777 77777 3333 ζ77777777
777777 7777777777 777 77777- 77 33333 3333 33 33333‘2122
7777777 3333 77777· 777 77 7777 77777777· 7777777 1333 33 23
777·· 77777·- 77 77· 77777 7777- 3²3 7777 77· 333 3333 7777 324
333 777 3 3333 77777 ‚3333 777· 777777 77777 77- 777 777775
3333 777777 777777 333 3 77 77777· 777777 33 3333 7777777
3333 77777 7777 777 77777 3332 333· 7777, 33333 7777Γ 28
3333 7777 3333 77777 333 333 77777 3333 77 333333
77777777· 3:333 7777 7777 77777 7777- 7777 77·-7 77777777

³· 31 33 ,

7777 777 77777 3333 7777777 ‚333 77777 ’7777 77777
33'33 3333 777· 7777 333333 7777 77777 3333 7777 3
-777 ’77777 3333333 7 333 333333 777777 77777 777774
777777 7777777 3333 3333· 33 777777 77777- 77 777777 3
3333 7777 7777 77777 7777- 77 777777 3333 777777 333 7
3333 77777, ‚33333 7777777Ι 333 77777· 777 7777 3338
333 777· 333 777 333 777 7777· 77 77777777 777777
777· 777 3333 333333 7777777 77777· 3333 77777 333331}
3333 333‘33 77777· 33 333 7777 777 7777777 '33 33:33 777777
7777 33333 3333 77777777 3333· 33 77777777 777777 77
77777777 ‚33 3333· 333 33 3333· 77 3333 7777 3333134
3333· 77 2333 7777 777777 777777 3333 77777 33 3¹1}

-777 7777 7777 77777 ‚3333 777777 3333 77777 3333123
333 3333 333 333333 33 7777 77 777777 7777 77777
7777777 7777· 333333 777777 77777 3333 ‚3333- 777 77777 13
7777777777 77777 77777· 77777 7777 3333333333?-1
7777 77777777 77777 777777 77777· ‚3333- 33 333 7777- 33 23

-ι--ι- ⁴

’7777777777 3 7777 ib. 3 777777 777 777 7777777777

 

