Appendices ccc'tc'cece ec mesorecc'ceess '⁴ 68

³:72 ,ἾΡΠἾ ww 3:33 21, 16 Primo
2111 2221212121 2222 22, 12 seeundo

· 2222 222 222221 22, 12212112
,2122 2222112221 22, 22 Secundo
‚33 323 3333 30, 10 3330
323 333 11222 30, 2722211122
,212152 2112122 21, 11 3330
3333 33 212 22 21, 22 221112
,22122 1111 221111 22, 2 3330
3333 12111 2211111 22, 4 222222
,11222 2212 22, 4 Primo
3:333 3323 37, 1380031100

‚23 *3333 36, 29 Primo
327 34:333 37, 1083311100

,2122221 222 22 3 303 33, 1 Primo
3333 33 222 22 3 333 40, 3 222112

,323 353 2222 222 2121212 21 32 33, 2 3330
’ 2222522211 2122212112 42, 3 22112,

,11222121 2822122 22, 2 3330

,333032 33333 {f} {ffle‘ffi

,2212 2122 22 333 33, 4 3330
3³33 3333 22 333 3313 2221122

,112 22222, 3333 ‚33 33 33, 10 Primo
212 3337, 3333 21 12 33, 24 221212

———-—-—-

 

