Patz‘ermssta 1111111111111111111.11111 Ι,14-Π,10 2

1111151111 7777777 11151111 111 7777 77777
11111111111111111511111-111 111111 1111 51111
511111 111111 7'777 ,111 1111 111 11111 1115, 111-1111
1111111 15111 1111111 1111511111 7777 11151111
7777 ,111-1111111111 1115 111,- 11 777777 1151111111
5111111111 111111 1115115, 1111111111 ’111151 11 ,111
,11111111 111-115111 111111-111 1111111 ’1151111
11111 ’11,-11111111 ,11, 11111 11115, 7777 111-1111
151111 11111 11111151 111111 11511 1111111111
7777 ’1111111111 77777 11111111 111· 111 777 7777 111
1’1151111111 11151111 11111151 1111111511 51111111
11111· 77 111-111 55111’ -111 11111 7777 7777 1111111515
11111 111 7777 7777 1111 51111 1111111111 ,1111511111
7777 ,1111111111 11151 ,11,111 111 111 ,1111111111
11· 111515 11111111 151111 111-1151115111
·. f? 2¹2¹ 4Μ’. ,
77777 ,11,-’111- 51 111111 1115111111 11111 1151. 11111
5111111 111111 1111151 1111151111 1111111511 2
777 777777 ,111111- 77 1111111111 111-1 ,1111 11 7777:
’1151111111 1111151· 51’ 7777 11111111151111111111 1
111 7777 11 1111 1111, 7777‘7 111 11 1111 11115
11515111111111 77777 111111, ’1111111111 777· 11111
11111· 51111111111111111 ,11,-111111 11111 1111111111 4
1111151111 ’111 11· ’11511 1111 1111111 1111111111 7 1
1111511111,11111111111111115111 1111115151
11111111111111111111,111111111111111111111111,
-·’1 ,1 7777 11111111111111111
Υ1·1-1111”’55 ‘2 ,1 ,111 1111111111, 11 111-1151111 1
7777 111151 11111111511111515111111111111111 ,111 1
’11151111115111 1111511111 77777 1115111 777

11 11111111 11 777 111-1111115115111 1111111111

&QX ’11·-111111. 11

]131- 1511,λὲ ‘AC-{2577
low, 1171511ζὲ1,

 

