25 XXXIII,30 -XXXW‚32 ῙΟΒ ’ Elzhuisermoalld. ῗ

31333 3333. 3333 77‘33 3333 333- 333 3333, 33333

3 333 333333 333333,- 33 :7373 73737 3333 75- ²⁷3²?
3333333 3333 ’33 -333 733 773· 73. 3773 77333· 73
3 · 77333

37 77

t{777737 77‘3777 333 3333 3333 ,3333 3777’73 7777
3· 33333 3333 3333 7737 7777' 3333 333 77‘3 73. 33
34333 3373 37‘73 7733· 73 ,333- 33 777373 7773 33 ³7
e· ,333- 333 733 3333 7733 33333- 33 ,33333 7737
{37 ιτ333333 3737 ,3333 333· -3333, :7733 733773
’3 7337 33 7773· 73 3333,- 7373 33 3333 37733
> 77333 33, 333 ’333 7373 ι 333. 33333,- 33 7'7'7'373 737
1137'337 333·’ 3333, 333 333 73 ,333 7737 3333 333 ”’ῗ
1277777 33 3333 77377 33⁴ 33 3333· 333 773337 777‘3 ’
ἐξ 33 ,333 333, 33· 7737 77373 333 333· 73 ,3333 -
3 333 33 7777· 7337 7733 333333, 7377 7 3 7773 3333
16777737 737· 3333· 7373 333, ,3333 333 33 7737 333
33333 7773· 3333 33333 3333 3333 7737· 3333 33333 ,
{3733 33333333· 333, 33333 3333 7333 ,33333
33333 333333 333 333,- 337 3333 33 ι 333 333
7773777 33· 7333 3333 777'337 7737177777'33 7777
2177773 333 7773· 7377· 33 7373· 73. ,333 33 77337 777337
. '22:773 3333 33 33333 33333, 7737 333 773 77377
33·-,3 333333 -33, 33333 333 3737 33333 33 73
7777773377 7737 333, 3333333333333 773· 33 333333
3· ,3333 33333 3333 3333,- 3332 733777 3333· 7337
333333. 333333 33 77‘377· ’333 7'773337 773 ,33· 33 733
’3333 ι 3333 3777 7337 77773 33333, 3333333 333
² 3333 333333, 333333, 7777777 737 7773 73377 7377 ·
’333333 333333 33 73 773 33333 333 773 3333
333 33333 333· 73 777'7 733 7733 3333 .3’333 33

, ·,--·-·-·“““““
17:173: m V· 5

 

