ιιιιιιιιιιιιιιιιιιιιιιριι ’ :553 xx11115-xx5318'

’ 53535225355 75277757 7327717332 3553 5553· ἿἾᾙΝ ὮΞξῗῗ
4

555555 55555 55555 5555 55555 555 555555 55 555555Ἡ
55555, 555 555 55555 55555 53335 3‘35533‘ 55555515·

35ΕΝ· ΠΘᾏ 555555 555555· 5333 5353333 3553 553 2753'52525315

54 55

5555555 55555 555 3³5 53553‘ 5555 55555· 55 555555 35555 2,
55555 5533,r 55555Ι 5555555 5555555 535555 5553 555 5555555 f
55 5555- 5555 55555 553 55555 555555 ’555 ’55555552 5
55 5555 55555 55555555 533335333535533155333
5555555τ 5555 5555 555335 ’55555 55555 ’5555555 5555 ι’
5555 555555 ,5555 5555 3535 55555 55555 55555 5555 ζ·
555 555555 555555 ’5555555555 5·5->353A 5555555 555555 55555 5
55555 5555 555555 555 533q ’555 5555 5555 5’55’555” 55515
555555 55555 55555555 5555 55555 555555 55·-55 555- 55512
ι ,5555 5335 55555· ,55 5555 55555 5555555555 5355515
5555555555 55555 ’5255 55555 55555- ’55 553 ‘555533 555
55555 553 555555 5555555 555· ’55555 55555 5555 Y'55555124
5555 555 55555555- -55 55555 5555 r‚5533 ι 555 55555,

55555555 55555 55555 5555 55555 55555 555555 ,555555
55555 55'35· 55 555555 555 555 ι 55555 55 2553 555515
53533 55555 55555 5555- 555 -55 1355 55-’55 55555518
5555· 555555 55555 555 55 ,555 5555555 555 553-'5315
5555 555” 555 5555Ι 535353 ι 5555 55555555 55555 ’55555 5
55 5555555 5555 555 5555 5555 5555 555 55555555
5555555 55555555 ’55555 5555 5555 555555 555555 55555555
55555 5555 5555555555 5555555 555555 5555 55· 5555ξῖ
533 55555 55555 5555555. 555555 5555 555555 55555555

‚ ’5 5555555 555 55555 5555555 55’ 555 555

’ 25 ,55

55555· 55555555 555555 5555555 55555 5555 3355}
5555· 55555- 55·-ι’ 555555 55555 5555 5555555555 555555

5555555555 ’5555555 ι..ι

 

