37 ,11111111 001131‘1111'l43q141'f1431'le oonsundunbwr. ’

,11111 1111 11111 1, 1111111
> ,11111 1511111111 1111111111 ·

,1111111 33 11111111 1, 1111111 Ἴ

,11111 33 1111111111 11, 11 Secundo
,11111 111 11 11111111, 1111 1111 1111111111 1, 111111
,1111111111111511111111111111111111111 3, 1111111111
(Amos 8, 12) 11 1111111111 11111
1111111 1111111115 1, ssPrimo

‚373 11111111 15 1111111111

33:113 11 111111 111 1, 1111111
,111111 11111 ,111 11, 11 1111111

,11111 11111111 3, 1011111

,11111 1111 111151· 11 31, 1 5111111

,1111111111 1111111 3, 111111
’.1111111111 11111111 11, 11 Secundo
.n11b:11 1111111 11111 11, 1111111 *¹
11115111111111111 11, 1 Secundo

11111111 51 1111111111 1111 111 11111111 13, 1111111
,1111111151 11111 1111 111 11111 33, 1111111111

,1111111 11111 1111 14, 111111
,1111111 111 ,111111 11, 11111111

,1111111111 111 11111111 11, 11111111
,1111111111 ’Β 1111111 11, 1 Secundo

51111 111111 11711111 11,-,15111 1111 1111511 m ι1ο, 11 11111
1111111 1111111 511111 11111 111 11111111111111111

11111111

,1111 1111111111 11111 1111 11, 111111 .
,11111 111111 1111 1111111111

,111111 1111115 1111111 11, 1111111

,111111 111111 1111111 11, 11 Secundo
5ss

 

