, Tleophania. 2333 xxxvn‚·2⁰ xxxvm‚32 23

55 ι ,555555 5·55, 55 33⁹3s 333· 55 3333 55 3333333?1
555555, 5555555 5555 3 555, 55555555 555 ’5555 555· 33322
555555 55555555- -55, 5555 5555 5555 55555· 55 3333 555 55
-55 555555, 555555, 5555 3333 55 ,5555- 555, 5555555 3324
¹ 5 A 55 5555555555
. . 38Vb
55555555, 5 ,55 555 5555555 3'3333 ,555 5555· 33 ,55·,55- 333 2
5555555 555555 5555, 55-555, 55555 555 555555 333³
555555 555555- 55 333 5555- 55555 3333 ,5555 55555555,
,55555 333 5555 ,555- 555 3’3 5555 55 3333 555· 55·,ἲ
55555 55555- 333 555555 555 333· 555 55 555555 3333 5·
’ 3333 3'1'333 ’55555555 3333: 555555 55555 555555, 33'3 s
j , 3 5555 5555555 5555555 555555 55555 555 5555555 55559
5555 5555 555, 555555 ,55· 55 555555 555555 55555 55555, 11
5555555 55555 ,’555555 555, 3333 333333. 555755 55555 555555 12
33333 23333 5555555 555555, 3333 5555555 55555
5555 5537555555, 5555555 55555 55555 ’5555555 5555 55555555
3333 555555 333· 5555, -55 5555 555555 333 5555555
· ,55555 5555555 555555, 5555- 55555 55 3333 233333313
5555 33· 55 5555 5555,- 55 333 555- 55555,- 5,5 5555555555
555 55 5555 555555 55 5555555, 55 55 ‚3333‘3 5555555»
· 55555 3333 55555 55555 55· 55 5555, 555555 55555555 55555 21

555 555 55555 3333 ,55- 555 55555555 3¹33 5555 33 555554
,55555 555555 5555, ,55555 555555 555 5-5555 ’555- -555 33:332
5555555, 555 333· 5·,5 3'333 5555· 55 555- 55 5555555ξξ
55 55 5555555555 555555, 333 55555555 55555555 ,5555555
555 555555 5555 33333 333 33 3333 555- 5555 55555· 3329
555555555555555555555555555555555 333323'3335?1
33333 3333 ,5555555 5555 55555555· 55 ,55555 5555555555

Δ*55555555 5555 555 3333 ’5 v. ,55 ’5 33333 , 33 v.1 “
’ ῆώ555555

 

