 

 

Appendices criticae 22222222222222-ἶ “

⁶ :33:(83111111111)
24, 2. 22222222 222222) -
3 ,Ι 22, 12. 222222222222 2222222)

22, 24. 222222 (22 222 22)
22, 22.-222222 (2. 2. 22222)

’ 22, 22. 22222 (2. 2. 22222)

30, 22. ,2222222 (2. 2. 222222)

ξ 22Ν2ωω’

. 222. 2222 (2. 2. 2222)
31, 20. 3353 (2. 2. 222222) ,
33, 13. 2222 (2. 2. 2222) ,
33, 21. 22222 (2. 2. 22222)

‘³3' 33, 22. 22222 (2.2. 22222)

’ 222. 2222222 (2. 2. 2222222)

22, 22. 2222222222 (2. 2. 2222222222)

. 2 , 22, 2. ,2222222222 (2. 2. 22222222)

22, 12. 22222 222222 (2. 2. 222222 222222)

2 38, 41. 222Η (h- e· 3333)

33, 12. 22222 (h. 2. 22222)
22, 22. 2222 (2. 2. 22222)
39, 30- 222222 (2. 2. 1'1333333)
42, 2. 2222222 (2, 2. 22222222)
2 .. 40, 22. 22222 (2. 2. 22222)
- . 42, 2. 2222 (2. 2. 3333)

j 42, 10. 2222222 (2. 2. 222225)
42, 16. ΝἿἿῚ (h. e. ⁸7:31, cf. Ezech. 18, 14).

24: ..2

ι, 373 <33341413323' Ἰ

222222,

= 2222222222 “ ’
23143233(he:33)''',⁵¹ ,
“ ’2222222 “ “

2222

22222222
*3³33

.- 3333, ,
, ΝἪ,

2222
22222
2222
22222
22222

, 222222
-2222ἒ222222

‚33333 222
2222222 22222

2333

 

