’ dedlolatw ², ΞἹῚΝ V1335÷V1113¹53

,555 5555 55555· 555 ‚333- 3333 55555· 55, 555 3333332
33²3 55, 5555 5555 555555 55555 5555 555 3²3 ¹
55· 555, 555555 5555, 555555 555555, 55555 33'3323
333 3333 5555 555· 55 33:33 3333 ·555-55 55555· 33323.
55 555 3³3 555· 55 555 5555555555 555· ,55555
> > 7 3 '⁴
5555555555 5555 5555 55555 555, 55 5555 555 555 5Ξῖ
555555 333· 5555 55 555555 555 3333 33 ,55, 33'3333 ’55, 3
333· ·555 555 555 555555, 55555- 55 ,555 333 333 4:
333'3 333 33‘33 555, 3333 555 333· 333 55,-,55, 555555 .,
555 55555 5555 55555, 555· 555 555 555 ,55555 555,6 7
- 555, 5555555 555555555555555555555555 s'
55 3333 333‘3 333 3333 333 333 ,555555 55 55555, 5555
333· 555 5555, 55 555555· 555, 3'3333 55 33 333· 33 ‚3333 H
555, 3333 555 55555 3333 555 55555 33‘. ,5555 331²
555555 55555· 55 ,5555 333 55555- 55 555· 55 55515
55555 5555555 555555 555555 55555 333 333314 κ
55555 55 55555 55555 5555 55555, 55555555
33 555,- 55, ·555 555 55 5555 555 ‚3333 5555· 331⁷
555555 555555 5555555, ·555 5555 5555· 333 333333313
333 5555· 33 3333· ’55 3333 5555- 33 555 555555 55·
55555 55555 555 5555 555 ’,55 5555 55 55555 3·-
·55 555555 5555 555· 331 5555 3333 333 55555 r33 21²
5 555555 5555555 5555 5555 555, 55 3333 ἶ
·555 5555, 555,- 57555 33· 33· 55555 555 555 555 333332 1
·55 5555555 555-555, 55555 5555 555 ,555- 55555
’33 5555 555· 555 5555· 333 555555 55 5555 ,555 3
3333 5555 55 555 ‘3333 55,· 55 ,5555 333· 555 33· ἐξ
5555555 5555 555555 5555, 5555 55, 3333 5555 3³

33333133333333 333331 3333v23'
2· 33333333320 5’.5555555

 

