Dei expostula& ,ἶ. 33353 ΧΠ 1¹‚''5‘-·XIII2⁷ 10

5555, .7777 777377 777377777 777777 7777 5555 7737}
3777 77777'7 77377 55555555 777 7'3 ,55535555 7717
7777 535555 777 555353 7777 33555 777777718
55555 5355 77777777 3777 77777 553555 7777777
73777 777 7777 ,5535 55535 5555 7777773 ‚77772'1
7777· ’5553 77¹7 7777 7377 7777 773777 5555535 77777772
7777· 777777 35533 5355555 5555535 7773 777777
737777 7773· 77 55555 73 ,55355 ,53555 5335335
5553535 77377 777· 533· 553555 55555555 555553 5555555
13 7 , ,-
777777 53 5555 7377 ,55553 7777 7377 35· 733
7773 '777 ’5355 777 7777 377 73 777 77 555555
7777 7377 7777 53555 771777 3 ·37 773777 77777
733 ‚7377 5555555555 553553, 7777· 777 ,5335 337 7777 ,5
3535 77777'33 55355 535 ’5,’55 55555555 77¹· 555353, 5555553 ⁶
373· 77 7777 7773 5555555, 7777 ‘7¹37 ,5355 555558
3777 777 ‘377 37777 77 7777 53555- 77 7777 5 55555 7
535 7777 7777 7377· A77 7777 55355 7777 ,5313
..777³- 7777'777· 77737 3355Ἰ 7777 7737 7777 7'7777712
777· 777777 7777 7777777 553555 777'7'7· ’3553 77717'
7737 77737 55535 ,555555 77771777377'737 7777714
.77'777'7j 77773 55355, 777 3377 {73 77 3737· ,53 ,53555
’555555 55535 7777 7373 73 73 555 7773 535 5533533
5335555 555555 77· 7777. 7777777 77777777 53355 5555318
7737· 77 7777 555555 77777 ,3555 5555,- 55 7777717
,553353 77 7777 55555,- 35 7737· 77 ,555555 77777777
.77777773 77777 33555 7777 777 ’55355 73 21
555555 ’53 ,5555 5555555 7777 77 7777 77777 777777
553555 5555· 5553 5555553 77'777‘777 55533 77777774
7777 777777 555, 5355 73 77773 777777777=
:7 7777 55555555 77777 737 7377· 77 ,5555 7777

-Δ 77:77717777777777771 ’.353555 ,55555355

 

