’ἶ VIII 8-IX 24 IOB ’ [08888

8888888 8888 88888 888888 888 88- 8888’ 88 88888 --·8

,888 ,888 8888 888888 88 88 888 888 888888
11333 333· 33333 ,88888 88888 888888.- ’88 3333
12 -88 88888 88888 ’88 3333 8888· ,888- 8888 888 ’8888
88· ,88888 88888 8888888 88, 8888888·- 88 88’8 8888 888 ,88888
8888888 -88 88888, 888-,88888 8888888888 ’888
’88 -8888 88888· 8888888 888888· ,88888 888· 88 88888 88888 888
’8888888 8888 88888 8888888 -888 88888 888888 3333 ,
83888- 888 8888888 ’88’ 88 88888888 333333 8888 333 88888
88888 88888 3333 8-8888 888888 8 ,8 8888888 8888 8888888
88888888 88888 888888 88888888 8888888888 ’88888 888
’88 8 8888888888 8888 88888 88888 888888 88888
, Ι9 w = ., {³3
’8-88 888 ‘33 8888- 333 88· 88 888888 3333 8888888 8888 8888 ’ζ
{333 888888 33 333 3333 88 888 ’8888 888888 888 888
=3333 88888888 888888 8888 88888- ⁸3 33 88888 888
:3⁶³35P737? 888 888888, 88888 3333 888818 88888 ,888
8888888 8888 ’8888 888 88888 888888 8888 ,88 888888
{333 3333. 88 88888 88 88 88 8888 888888 ,888 888888.
88888 888· 33 ’888888 ,8888 88888 888888 888888 8888
11 888888 ,8888 888 ’888 3333 888 3333 888.- 33 88888888
³12 888 8888 8888· 8888 88888888 8888 88888888, 88 888 888-8 ’888 -j
88888 88888888 888888888888888888 8888 888888
3333 888888· 33 8888 8888 8888 888888 8 “ , ’·,’; ”

8888888888 88888 888 88888888 8888888 88 88888888 888888

8888 -88 88888888 88 8888- 88 8888888 888 8888888 888
{3333 333 ,888 0333 88888 888 88 888 888 8888888888
8888888 3333 8888· 8888 3333 888 888888 88 888888 ’8888
24 8888 8888888 888 8888· 888 3333 8888 ’8888 888 ’888888

----ι--*-·- ,
mk: Πῆᾒῖἳ ῬἾᾞῆΜΑῧ 33333'33.21‘'333n V⁸

 

