5555 7,,,777777777777 77777 xv11150xlx55 -.14

,77777 555 5555555 5555 77777 77777· ,77777 5555 7777 7
7777 555 555· 777. 0555555 777777 777 '555 55555 555512
77777 5555 5555 5555 ‘5555ss5 5555. 777 5555· 55555 55551-55
5555 7777777 55555 5555 7777177777 555555 5555555
777771 77777777 777777 ,777-777 5555 777 77777 55· 555515
1-77 55 555 5555 5555· 7777 5555· 5555 ,777777 555 77777177 77
7771 5525 77777 55555 77777- 55 77777 77771777 ,777 777-77717
7777777 77777 555 :55555555 555555 77717 5555 555 5555 55 =
555 55555555 5555· -77 7,,7771-7777777777777 77777777
„ 5· Qwffi ww
19 ῈΟἾ ’ ,1 τ’,
7777777777 771777 7777777 ,777- 777 ,777777 77777 77777
5555 77777· ‘55'5 777 55555 55555 5555 ,77 ,77777777
777777- 555 7777777777 5555 555} 777777 77777777· 55ss
5555 77 7717- 777 ,77777 5555 777777 7777 555555 555⁶
7777 5555 5555 5555. 77, ,7777 555 77 777 777777 7
77777777 555 555555 5555 555 77777 77777777 77777 777777
7777777 5555 7777( 55555 5555 77777 055555 77777
77777 555 77777 777 777 555 ’7777 7777 7777 77777· 11
5555 555 777777 1777777· 5555r 15 ,7 7,·-777 55 77777777 12
555· 55 77777 777-1777777777 555555 55555 555 15
’7777777777 5555 555 7771777777 7777777 777-77 5555 777777
5555 777777 5555 7777771777 7777777 5'555‘ 555 77777 77777
5555' 777777 55555 555 7777 555 777777 1777777 ,7777777
777777 777-77 7777 ,7777 ’77( 77· 77777 555555· 55 5555553
77777777 77777 777· 55555 5555555 7777 77777777
’ 777 555 77177 7777 ,7777 5555 5555555555555555521
7777777 55 7777 7777777 5555 555 5555 5555555 5522
5555 7771- 777 5555 7777777 5555 555 777, 777777 552³
, 7777 777777 7777 555 777777 555555 77777Ὃ
5555 77777 5555 555-555 777777 77 5555 777777 77

55:555 ΓΙΠΉ. 110 ΓιΠἏ '55 v. 2

 

