3155515515 31111 XXXVII,·20 xxxvm‚33 28

= 55 ι 5555155555 33 5515 3733· 33 3333 33 55· 333332²l

555555, 555555 5555 555 55 51555555 5 5555 555 55511

515555 5555555· 55 3333 5555555 ,5555- 55 5555 55511

-55 333333 555551, 555, ‚3333 55 55551555, 5555555514
· 3 , · 55 5555-55 5555

, , 38 115
55111515] 31 173 3731111 3153Ὸζ 1373 31111· 5311, 31531· 131112

5555555 55555 5555, 55-555,555155515555 5551
55515 5555· 55 555 333· 33333 5115 5515, 1551551151

555-5551555555 555-15 55 555 15, 5555555 555155·6
15555 551- 555 ,5515 333 555-155555555515551
5555 515155 55555555 3333 51555 ’555-5511511555, ’5559 s
,515155 555555555555555555555 555,15,55555,5,5,,1,2

555 55155 555,’ 5555, 3‘3· 33 555511555151555155511
,555555 3333 155551 5,, ’55555 51515555, 11515555, 333 51555 12
55555, ,5555 ’55111555 555515 515555 555555 5555

5555 51,1555’5,1,555,51,’5,155·5,55’55,5;5 55155555 5555 55555 15
515555555555-155555 5555, 55555 5155 55555511
55555 55555’ 155515, 555-155555 55 15555155555511
'3333 55,- 151555, 5551,- 55 333¹ 555, 15555· 33 55155555
·155, 55155155 5555515 ,555555 5515 55555, 555· 333332
,515555555555551555 555-15 5555, 51555 555155 5155 21
1555555 5551555515555555551555 3333'3· ’55 5555 23
,555 555 ,51555 3333 51,- 15, 55155551” 555 ’5555 55555511
,5555 51555 33‘33 5515 ’5555555551-55 ,555-5555115511
5555555155 555· 55’ 33333‘ 5515- ’55 16155- 55 1115555555
55 55 55555515 ,5555 5555 55555555 55555555 5555515
155 5115551 3333 55555 333 155 5555551555 5555511511
333333 555551 5155 15555 5555555, 515 3333 ,5555511
555555 515515 55555 5155 5555555· 55 ’51515 5555555555

'3333'33333332 55551515 '33333333331‘
5555551551 313

 

