Beusat exitus. ΞΝ XLII,'9 —,xL1117 32⁴-

33533 3533333 33353 ’33533 3333 33333 33333 7377
7777 33353 333 33333 335333 35333333 333 777 3333
3533 7377·- 333 333 33333 33533 333· 33 3333 33333,
33335 3333 37· 33 3333 7777 7777 333 35533333 .
33333 533 3333333 533 3353353 33533 33333 333335 11
33 333 3333333 ’35 33333 ’33333 ”773 3333 553333 ’33535
333333 3333 ’353 77777 5353 7777 77777777 33335
3333 3333333· 33 333, 7'7777· ,3333 777 333 33333 77717
’33553 333333 3333 353 3333 33333 U7'3· 7777 33333333
3333 33333 7‘3· 3333 3333 ’33 ,3535 333 3333 3533 335333 13
33333 333333 333 77'777737777777 7777777777777377717
333333 7777 7777 33533 ’3533 33353 777 3333535533 33333,
7777777 77'77 35333 33333 ’335 7777 3333- 533 3333
”7777- 333 3333 737· 3333333 3333 335· 33333 3333333313
,33333 33333 777 3333 7777 7777 33333 7777 333· 33313

————..-

’333333 3. 17 3 333333 710

,3333

353 3333 333 77777 ,33 3333 ,3333333 353 3333 333 33333 3333

3333333 ‚77 7707 ,7777 3333333333 ,3.33 3333 ,33333 777777 ,(3316) 77

..35333 3333 3333 ,33533 33333 3333333 3333 3333 ,333333 33333 333333
33333533 333333 3333333

 

