299 XXXVI 13—XXXVI1 19 ῙΟΒ Elffiuiperoratz‘o. 9

,1333533 3333· ,33333 333 3533 '33333 33333 3333 3333
38 333 -333, 3333 3333· 33 ‚333- 33 3373333 93333333 3333

,9-5933 33· 33339333 533,’ 333 3·,533 333Ι 33 33333 3333-333
3991 -35 3333 9-53 3333 33333 3333 333535 93995353 3333
2233 37353 333733 953- 33 333333 3333 ‚3⁸3- ’9593 33 333,
233333 33537 333 3333 3353 333· 333 333333 3333

99 99-9593 33333333 333339 33333 79553 333733· 33 333, 335933 ἶ

733593, 33373, 53·, 33 3393393339 3933333 3335373 333 333,

333333 3333,- 3333 3333,- 33 333333'33 3333 A3333 333

78353, 3953 35333 3333 3333· 333, 733935 3333
9397333η 33 33333 333‘3333‘ 33· 3733333 3333,- 33 333 273
3177797777 5777 ΕΞ, ³? 7Ἶᾨ59 0⁴33 333333333 353¹& ,33,Βὲ gaf

3333953 33333 3333333 93333-953· 3933393335, 9533· 333

333 9395973- 5393 33, ,353353 3333 3353 333 33333333 ³⁵

, 3⁷ ’359 · -
,33-,33 333333 33333333 ’33333333 3333 ’3,35 3333 33335- ,339
3-593 337373 3333333Ι 3333· 53 33333 3933 3333 ‚3333 ’9355
435335 33533 3333 333 33333 ι 333333, 33333 333333 j1;
3333 9333533 353593 953 3333 3333'3 333333,- 33 35333.
3333 3333 3333 ‘3333 37333 9353359 33 3333 93593, 39395339

· 7777979577· 7799 77777959 77977777 77537· 75737 2333 77757777 77777, f?

9333 3333.r 3333533333 39933,- 733 ‚333 333333 333333
3333,- 333 53· 3333333333 333339 33333333 3333 3333 3333 .

. 11 ,33973 333 3357, 33 33339333 333- ,33 3333333 3333 3333

333333 -933353 353955 3333 333333 333333 ι 3373333 3333, J}
33333359· -33 7393359·9 393 33355· 33 33333 333 333· 53
44 ,53 9333533933 3333'3333 3353 3733 3333 ,33333333 3333333
'93 -53 3333 33333 33335337, 393353 3333}- -33 333 3333
33333333 33333· 3333 33333 3333 3735337 33· 33953393
33 3333 3333 ‘333333 333 ,3353333 333333 3333 33333
13 ,33333- 33333 3333 35 5333333 333333 33333

’.φ’-..Μ

3339 733 333 37 3 3 3353373333 13

 

